7.8805453777
13.5999143124
19.2071583271
25.1454656124
30.9698851109
36.8892877102
42.9110958576
48.9130499363
54.9240505695
60.8406038284
66.5921750069
72.3661963940
78.9071812630
84.7349791527
90.4217858315
96.4216990471
102.2157015800
108.1827459335
114.1059355736
120.0113432407
125.7134304047
131.8596274853
137.7007312775
143.6127898693
149.7305877209
155.7940292358
161.6555058956
167.4227745533
173.1962909698
179.1796483994
185.2289838791
191.1599323750
197.2223670483
203.3066859245
209.1780371666
215.1577684879
220.9096934795
227.7475435734
233.7495131493
239.9555122852
245.8017566204
251.8107976913
257.7775502205
263.5561301708
269.4363224506
275.5868320465
281.5985434055
287.3974328041
294.0268301964
299.9557504654
