0.5790800000
0.6950800000
0.7560000000
0.8023600000
0.8350800000
0.8646400000
0.8826800000
0.9058000000
0.9202000000
0.9360800000
0.9432400000
0.9558400000
0.9659600000
0.9698800000
0.9772000000
0.9796400000
0.9843200000
0.9860000000
0.9905200000
0.9922000000
0.9949600000
0.9961200000
0.9976400000
0.9977600000
0.9985200000
0.9987600000
0.9993200000
0.9991600000
0.9993600000
0.9998800000
0.9997200000
0.9998800000
0.9999600000
0.9999200000
0.9999600000
0.9999600000
0.9999600000
1.0000000000
1.0000000000
1.0000000000
1.0000000000
1.0000000000
1.0000000000
1.0000000000
1.0000000000
1.0000000000
1.0000000000
1.0000000000
1.0000000000
1.0000000000
