6.5583341122
11.1602830887
15.8403100967
20.5388205051
25.4057335854
30.6123287678
35.3886792660
40.3430645466
45.1101233959
49.8600914478
55.1814386845
60.0198342800
64.6573574543
69.2660503387
73.8621444702
78.6768121719
83.7599208355
88.8373250961
93.5139245987
98.3223006725
103.0105476379
107.7472643852
112.5212013721
117.2132284641
121.8434181213
126.4795651436
131.2037794590
135.9171514511
140.6236851215
145.2598836422
149.9137609005
154.6182200909
159.6422030926
164.6065981388
169.3338296413
173.9945807457
178.6149909496
183.2735576630
187.7807736397
192.5166363716
197.1387743950
201.8957505226
206.5673470497
211.0940449238
215.6838424206
220.2895538807
224.9971020222
229.6657900810
234.3526179790
238.9526848793
