0.3575000000
0.5483333333
0.6683333333
0.7775000000
0.8238888889
0.8580555556
0.8805555556
0.9088888889
0.9380555556
0.9430555556
0.9613888889
0.9680555556
0.9794444444
0.9769444444
0.9794444444
0.9861111111
0.9847222222
0.9883333333
0.9900000000
0.9908333333
0.9950000000
0.9947222222
0.9969444444
0.9966666667
0.9977777778
0.9980555556
0.9988888889
0.9988888889
0.9988888889
0.9988888889
0.9994444444
0.9991666667
0.9997222222
0.9991666667
0.9997222222
0.9997222222
0.9997222222
0.9997222222
0.9997222222
0.9994444444
0.9997222222
0.9997222222
0.9997222222
0.9997222222
0.9997222222
1.0000000000
0.9997222222
0.9997222222
1.0000000000
1.0000000000
