8.0191698074
14.2399382591
20.2362470627
26.6683826447
32.9484133720
39.1455788612
45.1441085339
51.2541899681
57.5988044739
63.5919957161
69.7878618240
75.6761527061
81.8027162552
88.4199392796
94.3510911465
100.4218964577
106.5090343952
112.4625778198
118.4906578064
125.1318802834
131.2585039139
137.2592236996
143.4212026596
150.2011783123
156.4105837345
162.4307911396
168.4283404350
174.6235458851
180.6706326008
186.8627405167
192.9717926979
199.0465860367
205.2864727974
211.2645838261
217.9269068241
224.1628000736
230.6023960114
236.8152532578
242.7046999931
248.7629292011
255.1657075882
261.2261855602
267.1930019855
273.2220025063
279.3881461620
285.5084853172
291.5255498886
297.9972190857
304.6571950912
310.9842846394
