0.4845000000
0.7886000000
0.8797000000
0.9478000000
0.9645000000
0.9781000000
0.9871000000
0.9933000000
0.9956000000
0.9969000000
0.9968000000
0.9977000000
0.9980000000
0.9993000000
0.9994000000
0.9993000000
0.9996000000
0.9997000000
0.9996000000
0.9998000000
0.9999000000
1.0000000000
0.9999000000
1.0000000000
1.0000000000
1.0000000000
1.0000000000
1.0000000000
1.0000000000
1.0000000000
1.0000000000
1.0000000000
1.0000000000
1.0000000000
1.0000000000
1.0000000000
1.0000000000
1.0000000000
1.0000000000
1.0000000000
1.0000000000
1.0000000000
1.0000000000
1.0000000000
1.0000000000
1.0000000000
1.0000000000
1.0000000000
1.0000000000
1.0000000000
