7.1028740406
11.7601928711
16.6589751244
21.8832585812
27.1228189468
32.3814668655
37.4566388130
42.5164542198
47.2020528316
52.1137616634
57.2637529373
62.7066226006
67.8682627678
73.0806686878
78.0417563915
83.0353078842
88.2353146076
93.1927046776
97.8655209541
102.7410593033
107.4947524071
112.4194476604
117.5150988102
122.6631145477
127.8416905403
132.7230226994
137.7389118671
142.8228847980
147.6051030159
152.4798657894
157.9673953056
162.7618348598
167.5517187119
172.5857393742
177.6529619694
182.8266670704
188.0241773129
192.9801034927
198.0521438122
202.7436175346
208.1197888851
213.3199713230
218.6256084442
223.7949221134
228.7577688694
233.9945313931
238.8355908394
243.7072088718
248.5246419907
253.4272468090
