0.5370000000
0.6176000000
0.6571000000
0.6822000000
0.7091000000
0.7446000000
0.7633000000
0.7860000000
0.8061000000
0.8155000000
0.8297000000
0.8406000000
0.8511000000
0.8530000000
0.8722000000
0.8771000000
0.8884000000
0.8961000000
0.9033000000
0.9045000000
0.9162000000
0.9185000000
0.9245000000
0.9382000000
0.9413000000
0.9457000000
0.9526000000
0.9564000000
0.9564000000
0.9603000000
0.9614000000
0.9638000000
0.9702000000
0.9693000000
0.9743000000
0.9730000000
0.9766000000
0.9770000000
0.9796000000
0.9810000000
0.9826000000
0.9865000000
0.9887000000
0.9896000000
0.9919000000
0.9886000000
0.9918000000
0.9936000000
0.9952000000
0.9936000000
