10.6112828255
17.8472352028
25.2445430756
32.1524455547
39.3964519501
46.5626018047
53.5384428501
60.7640326023
67.8777449131
75.0871191025
82.3654060364
89.5779747963
96.6759982109
103.7980020046
111.1238393784
118.3209152222
125.5116434097
132.6732103825
139.9055974483
147.2702710629
154.3599574566
161.3130345345
168.3431031704
175.5301127434
182.6563761234
189.8817017078
196.9474620819
204.8156900406
212.1838295460
219.7149589062
227.2153344154
234.2830154896
241.5251383781
248.6585385799
255.8867573738
263.0127930641
269.9882845879
277.1714067459
284.3503696918
291.3886868954
298.4575808048
305.7000868320
313.0476458073
320.1118214130
327.1210598946
334.2577056885
341.4850456715
348.5813062191
355.5989112854
362.9001326561
