0.6163200000
0.7394933333
0.8082666667
0.8504000000
0.8810133333
0.9141866667
0.9328533333
0.9481066667
0.9614666667
0.9737066667
0.9809600000
0.9871466667
0.9920000000
0.9951200000
0.9956533333
0.9976266667
0.9984800000
0.9990933333
0.9994133333
0.9996000000
0.9997866667
0.9996533333
0.9997866667
0.9998933333
0.9999200000
0.9999466667
0.9999733333
0.9999733333
0.9999733333
0.9999733333
0.9999733333
0.9999733333
0.9999733333
0.9999733333
0.9999733333
1.0000000000
1.0000000000
1.0000000000
1.0000000000
1.0000000000
1.0000000000
1.0000000000
1.0000000000
1.0000000000
1.0000000000
0.9999733333
1.0000000000
1.0000000000
1.0000000000
1.0000000000
