8.7160542011
15.9917225838
23.0732786655
30.3263077736
37.7511498928
44.8709635735
52.1156473160
59.2204043865
66.2505993843
73.3424136639
80.4471952915
87.3479597569
94.5960109234
101.8496925831
108.9132652283
116.1220991611
123.2768311501
130.4060237408
137.5560441017
144.7017033100
151.6761052608
158.6859002113
165.7134923935
172.9289252758
180.1590127945
187.3418741226
194.4573152065
201.4790673256
208.7678086758
216.4792253971
223.7307047844
230.6933636665
237.7635436058
245.0737125874
252.2610509396
259.3443167210
266.8079125881
274.0454156399
281.4847719669
288.7074406147
295.6984393597
302.7039449215
309.8776445389
317.1254992485
324.1449000835
331.6803030968
338.8777582645
346.1852817535
353.5198967457
361.2008843422
