11.1480529308
20.5495061874
30.1829514503
39.7772493362
49.8845310211
60.1507265568
70.1203176975
80.1564950943
89.8476953506
99.8639414310
110.0676417351
120.2153971195
130.6978130341
141.0793235302
151.0971341133
160.9879257679
171.0264713764
181.4217400551
191.2075002193
201.3771612644
211.5867540836
221.5718388557
231.5052208900
241.7163486481
251.8490064144
261.9993557930
272.7810122967
282.8411929607
292.8957793713
303.1551127434
313.2051932812
323.3824868202
333.3550651073
343.4707915783
353.6330978870
363.7934882641
373.8772833347
383.9758999348
393.9905338287
403.9460973740
413.9109001160
424.4101965427
434.5031354427
444.6104347706
454.8914301395
464.7204558849
474.9338970184
485.2870645523
495.1559991837
505.3907666206
