7.4057519436
12.1347217560
16.8049376011
21.6860444546
26.7657251358
31.5856750011
36.4187629223
41.5295596123
46.3233261108
51.0203552246
56.1724362373
60.9499955177
65.7969279289
70.9181830883
75.6707611084
80.4721193314
85.2665510178
90.3290076256
95.8933532238
100.7891118526
105.3956801891
110.2777051926
115.1007823944
119.9103012085
124.8780417442
129.7439248562
134.8867807388
139.7032794952
144.5009055138
149.3422584534
154.1028223038
158.9243109226
164.0574331284
168.8821282387
173.8205895424
178.7060179710
183.4703443050
188.1619477272
192.9024908543
198.0281398296
202.7791099548
207.4760541916
212.7758684158
217.5322778225
222.2396681309
226.9377539158
231.7028019428
236.3504288197
240.9904627800
245.6592905521
