0.3027500000
0.4835000000
0.6292500000
0.7047500000
0.7962500000
0.8542500000
0.8962500000
0.9180000000
0.9292500000
0.9512500000
0.9585000000
0.9650000000
0.9752500000
0.9775000000
0.9780000000
0.9845000000
0.9895000000
0.9925000000
0.9935000000
0.9942500000
0.9925000000
0.9947500000
0.9965000000
0.9980000000
0.9972500000
0.9977500000
0.9977500000
0.9987500000
0.9992500000
0.9992500000
0.9992500000
0.9995000000
0.9995000000
0.9995000000
0.9997500000
0.9995000000
0.9997500000
1.0000000000
0.9997500000
0.9997500000
0.9997500000
0.9997500000
1.0000000000
0.9997500000
0.9997500000
1.0000000000
1.0000000000
1.0000000000
1.0000000000
1.0000000000
