8.2999329567
13.2099332809
18.0944259167
22.6650698185
27.5945942402
32.3334653378
36.8425576687
41.5803961754
46.7410140038
52.0057108402
56.5761439800
61.9604392052
66.5115616322
71.5356736183
76.2725880146
80.6436481476
85.1231701374
89.6906216145
94.1595935822
99.0024378300
103.6315345764
108.5723640919
113.1080508232
117.5989923477
122.3008346558
126.8650910854
131.4596028328
136.3638553619
141.0568671227
145.5946233273
150.0538682938
154.8257143497
159.4467599392
164.1295511723
169.0783588886
174.1057510376
178.7183215618
183.3542962074
188.1514103413
192.7275671959
197.6530330181
202.3504197598
206.8872504234
211.6861751080
216.2509033680
220.8703784943
225.3705768585
230.0466315746
234.6160998344
239.1179411411
