0.5157777778
0.5790000000
0.6295555556
0.6560000000
0.6915555556
0.7305555556
0.7450000000
0.7556666667
0.7827777778
0.7983333333
0.8095555556
0.8207777778
0.8360000000
0.8486666667
0.8535555556
0.8645555556
0.8783333333
0.8827777778
0.8932222222
0.9022222222
0.9044444444
0.9137777778
0.9206666667
0.9243333333
0.9304444444
0.9326666667
0.9437777778
0.9461111111
0.9491111111
0.9532222222
0.9581111111
0.9611111111
0.9593333333
0.9637777778
0.9683333333
0.9720000000
0.9748888889
0.9773333333
0.9775555556
0.9793333333
0.9808888889
0.9822222222
0.9847777778
0.9840000000
0.9877777778
0.9896666667
0.9891111111
0.9908888889
0.9921111111
0.9931111111
