6.9610221386
11.8287806511
16.7323849201
21.6565983295
26.7393522263
31.7517855167
36.9549889565
41.7013597488
46.5285973549
51.3661019802
56.2674295902
61.0566635132
65.8790063858
70.8201830387
75.6830356121
80.7767078876
85.7090818882
90.6124215126
95.5768215656
100.5061976910
105.4070811272
110.4311127663
115.2075648308
120.3396227360
125.3581228256
130.2297744751
135.1770453453
140.1114618778
145.0805847645
149.9981329441
155.4728181362
160.3723659515
165.4517457485
170.6427841187
175.5420260429
180.4734902382
185.4221138954
190.3211715221
195.2661015987
200.1085219383
204.9674320221
209.8707313538
214.6632008553
219.6116201878
224.5601246357
229.4203767776
234.2889266014
239.1271119118
244.0642859936
248.9082760811
