0.5311250000
0.5775000000
0.6215000000
0.6510000000
0.6746250000
0.7000000000
0.7243750000
0.7488750000
0.7660000000
0.7792500000
0.8007500000
0.8162500000
0.8345000000
0.8395000000
0.8507500000
0.8600000000
0.8700000000
0.8810000000
0.8872500000
0.8945000000
0.8965000000
0.9086250000
0.9102500000
0.9196250000
0.9220000000
0.9277500000
0.9340000000
0.9390000000
0.9458750000
0.9542500000
0.9593750000
0.9563750000
0.9615000000
0.9641250000
0.9673750000
0.9661250000
0.9705000000
0.9703750000
0.9718750000
0.9743750000
0.9773750000
0.9782500000
0.9781250000
0.9787500000
0.9790000000
0.9777500000
0.9808750000
0.9845000000
0.9876250000
0.9826250000
