11.3355607986
21.1495158672
30.7606570721
40.6007766724
50.5223240852
60.5891137123
70.5987474918
80.2950847149
90.4355199337
100.3387758732
110.2406778336
120.0173723698
130.4473981857
140.2458543777
150.1100068092
159.7048072815
169.6489133835
179.5315551758
189.5785655975
199.7859375477
209.8484590054
219.7765569687
229.6344721317
239.6228444576
249.9502942562
259.9476139545
269.7772283554
280.0221114159
290.0464794636
300.0451452732
309.8444614410
319.8759124279
330.0753526688
340.2060177326
350.3166456223
360.5809032917
370.5517463684
380.3256671429
390.2085103989
400.3102710247
410.2632074356
420.5093858242
430.4435408115
440.2808837891
450.1276283264
460.0523681641
470.3156561852
480.5178833008
490.6617183685
500.9647090435
