0.6645333333
0.8257066667
0.8995733333
0.9418533333
0.9655600000
0.9808400000
0.9885066667
0.9951866667
0.9979466667
0.9991600000
0.9996400000
0.9998266667
0.9999600000
0.9999333333
0.9999600000
0.9999866667
0.9999866667
0.9999866667
0.9999866667
1.0000000000
1.0000000000
1.0000000000
1.0000000000
1.0000000000
1.0000000000
1.0000000000
1.0000000000
1.0000000000
1.0000000000
1.0000000000
1.0000000000
1.0000000000
1.0000000000
1.0000000000
1.0000000000
1.0000000000
1.0000000000
1.0000000000
1.0000000000
1.0000000000
1.0000000000
1.0000000000
1.0000000000
1.0000000000
1.0000000000
1.0000000000
1.0000000000
1.0000000000
1.0000000000
1.0000000000
