6.6803114414
11.1953370571
15.7569642067
20.5601382256
25.1322715282
30.4834322929
35.1366682053
39.9499585629
44.6646859646
49.9019663334
54.7188687325
59.2218265533
64.1399540901
69.0152451992
73.7072317600
78.6259660721
83.3954145908
88.3689618111
93.5279169083
98.4676041603
103.6169664860
108.6054077148
113.5529544353
118.8265037537
123.7675473690
128.6180222034
133.6847372055
138.4083290100
143.1665461063
148.0482804775
153.3250730038
158.4227533340
163.2592494488
167.9647808075
172.9885880947
178.1990482807
183.2608962059
187.9934844971
192.9278063774
197.6781413555
202.5646500587
207.5415823460
212.5027592182
217.4789078236
222.1713831425
227.0174355507
231.7947926521
236.6970736980
241.7413792610
246.7463564873
