0.3681250000
0.5621875000
0.6440625000
0.7184375000
0.7687500000
0.8131250000
0.8459375000
0.8650000000
0.8943750000
0.9053125000
0.9340625000
0.9475000000
0.9487500000
0.9528125000
0.9621875000
0.9675000000
0.9725000000
0.9771875000
0.9834375000
0.9881250000
0.9884375000
0.9887500000
0.9918750000
0.9925000000
0.9950000000
0.9934375000
0.9925000000
0.9965625000
0.9971875000
0.9971875000
0.9978125000
0.9981250000
0.9978125000
0.9987500000
0.9987500000
0.9990625000
0.9987500000
0.9993750000
0.9990625000
0.9984375000
0.9996875000
1.0000000000
0.9990625000
0.9993750000
0.9996875000
0.9996875000
0.9996875000
1.0000000000
1.0000000000
0.9996875000
